10	35	35	40	40	40	40	2	4.5	4.0	24	34	35	23
15	40	40	45	45	45	45	2	4.5	4.0	29	39	40	28
20	50	50	58	58	58	58	2	4.5	4.0	36	50	51	35
25	60	60	68	68	68	68	2	4.5	4.0	43	57	58	42
32	70	70	78	78	78	78	2	4.5	4.0	51	65	66	50
40	80	80	88	88	88	88	2	4.5	4.0	61	75	76	60
50	90	90	102	102	102	102	2	4.5	4.0	73	87	88	72
65	110	110	122	122	122	122	2	4.5	4.0
95	109	110	94
80	128	128	138	138	138	138	2	4.5	4.0
106	120	121	105
100	148	148	158	158	162	162	2	5.0	4.5
129	149	150	128
125	178	178	188	188	188	188	2	5.0	4.5	155	175	176	154
150	202	202	212	212	218	218	2	5.0	4.5	183	203	204	182
200	258	258	268	268	278	285	2	5.0	4.5	239	259	260	238
250	312	312	320	320	335	345	2	5.0	4.5	292	312	313	291
300	365	365	370	378	395	410	2	5.0	4.5	343	363	364	342
350	415	415	430	428	450	465	2	5.5	5.0	395	421	422	394
400	465	465	482	490	505	535	2	5.5	5.0	447	473	474	446
450	520	520	532	550	555	560	2	5.5	5.0	497	523	524	496
500	570	570	585	610	615	615	2	5.5	5.0	549	575	576	548
600	670	670	685	725	720	735	2	5.5	5.0	649	675	676	648
700	775	775	800	795	820	-	2	-	-	-	-	-	-
800	880	880	905	900	930	-	2	-	-	-	-	-	-
900	980	980	1005	1000	1030	-	2	-	-	-	-	-	-
1000	1080	1080	1110	1115	1140	-	2	-	-	-	-	-	-
1200	1280	1295	1330	1330	1350	-	2	-	-	-	-	-	-
1400	1480	1510	1535	1530	-	-	2	-	-	-	-	-	-
1600	1690	1710	1760	1750	-	-	2	-	-	-	-	-	-
1800	1890	1920	1960	1950	-	-	2	-	-	-	-	-	-
2000	2090	2125	2170	2150	-	-	2	-	-	-	-	-	-

